0.146447, 0.164221, 0.182803, 0.20215, 0.222215, 0.242949, 0.264302, 0.286222, 0.308658, 0.331555, 0.354858, 0.37851, 0.402455, 0.426635, 0.450991, 0.475466
0.163177, 0.180096, 0.197785, 0.216202, 0.235302, 0.255038, 0.275365, 0.296231, 0.317588, 0.339384, 0.361566, 0.384081, 0.406875, 0.429892, 0.453077, 0.476375
0.179096, 0.195202, 0.21204, 0.229571, 0.247752, 0.266539, 0.285887, 0.30575, 0.32608, 0.346827, 0.367942, 0.389374, 0.411071, 0.432981, 0.455051, 0.477228
0.194244, 0.209575, 0.225603, 0.24229, 0.259595, 0.277479, 0.295896, 0.314803, 0.334154, 0.353903, 0.374001, 0.394402, 0.415055, 0.43591, 0.456918, 0.478028
0.208658, 0.22325, 0.238507, 0.25439, 0.270863, 0.287885, 0.305415, 0.323412, 0.341831, 0.360629, 0.37976, 0.399178, 0.418836, 0.438687, 0.458684, 0.478777
0.222374, 0.236263, 0.250784, 0.265902, 0.281581, 0.297783, 0.314469, 0.331598, 0.34913, 0.367022, 0.385232, 0.403714, 0.422425, 0.44132, 0.460353, 0.479478
0.235424, 0.248644, 0.262465, 0.276854, 0.291777, 0.307198, 0.32308, 0.339383, 0.35607, 0.3731, 0.390431, 0.408022, 0.425832, 0.443816, 0.461931, 0.480134
0.247843, 0.260424, 0.273579, 0.287274, 0.301477, 0.316154, 0.331269, 0.346786, 0.362668, 0.378876, 0.395371, 0.412114, 0.429064, 0.446181, 0.463422, 0.480747
0.259659, 0.271633, 0.284152, 0.297186, 0.310704, 0.324672, 0.339058, 0.353826, 0.368941, 0.384366, 0.400065, 0.416, 0.432132, 0.448422, 0.464831, 0.481319
0.270903, 0.282298, 0.294213, 0.306617, 0.319481, 0.332775, 0.346465, 0.36052, 0.374905, 0.389585, 0.404525, 0.41969, 0.435042, 0.450545, 0.466161, 0.481853
0.281602, 0.292447, 0.303785, 0.315589, 0.327831, 0.340482, 0.35351, 0.366885, 0.380574, 0.394544, 0.408762, 0.423193, 0.437803, 0.452556, 0.467417, 0.482351
0.291783, 0.302103, 0.312892, 0.324125, 0.335775, 0.347813, 0.36021, 0.372938, 0.385964, 0.399258, 0.412788, 0.42652, 0.440423, 0.454462, 0.468603, 0.482813
0.301472, 0.311291, 0.321558, 0.332246, 0.343331, 0.354786, 0.366583, 0.378693, 0.391088, 0.403738, 0.416612, 0.429679, 0.442908, 0.456266, 0.469722, 0.483244
0.310691, 0.320035, 0.329803, 0.339973, 0.35052, 0.361419, 0.372643, 0.384166, 0.39596, 0.407995, 0.420245, 0.432678, 0.445265, 0.457975, 0.470778, 0.483644
0.319466, 0.328355, 0.337648, 0.347324, 0.357359, 0.367728, 0.378407, 0.38937, 0.400591, 0.412042, 0.423696, 0.435525, 0.4475, 0.459593, 0.471774, 0.484014
0.327816, 0.336273, 0.345114, 0.354319, 0.363866, 0.37373, 0.38389, 0.394319, 0.404994, 0.415888, 0.426975, 0.438228, 0.44962, 0.461125, 0.472713, 0.484358
0.335764, 0.343808, 0.352219, 0.360975, 0.370056, 0.37944, 0.389104, 0.399026, 0.40918, 0.419543, 0.430089, 0.440794, 0.451631, 0.462575, 0.473599, 0.484676
0.343329, 0.35098, 0.35898, 0.367309, 0.375947, 0.384872, 0.394065, 0.403501, 0.41316, 0.423017, 0.433048, 0.44323, 0.453539, 0.463948, 0.474433, 0.484969
0.35053, 0.357807, 0.365415, 0.373337, 0.381552, 0.390041, 0.398783, 0.407758, 0.416944, 0.426319, 0.43586, 0.445544, 0.455347, 0.465247, 0.47522, 0.48524
0.357385, 0.364305, 0.371541, 0.379073, 0.386886, 0.394958, 0.403272, 0.411807, 0.420543, 0.429458, 0.438531, 0.44774, 0.457063, 0.466477, 0.475961, 0.48549
0.363911, 0.370492, 0.377371, 0.384534, 0.391962, 0.399638, 0.407543, 0.415659, 0.423965, 0.432441, 0.441068, 0.449825, 0.45869, 0.467641, 0.476659, 0.48572
0.370126, 0.376382, 0.382922, 0.389732, 0.396794, 0.404091, 0.411607, 0.419323, 0.427219, 0.435278, 0.44348, 0.451805, 0.460233, 0.468743, 0.477316, 0.485931
0.376044, 0.38199, 0.388207, 0.39468, 0.401393, 0.40833, 0.415474, 0.422809, 0.430315, 0.437976, 0.445772, 0.453685, 0.461697, 0.469786, 0.477935, 0.486124
0.38168, 0.387332, 0.393241, 0.399393, 0.405773, 0.412366, 0.419155, 0.426126, 0.43326, 0.44054, 0.44795, 0.455471, 0.463085, 0.470774, 0.478519, 0.486301
0.387049, 0.392419, 0.398034, 0.40388, 0.409943, 0.416207, 0.422659, 0.429283, 0.436062, 0.44298, 0.450021, 0.457168, 0.464403, 0.471709, 0.479068, 0.486463
0.392165, 0.397267, 0.402601, 0.408155, 0.413914, 0.419866, 0.425995, 0.432288, 0.438728, 0.445301, 0.45199, 0.458779, 0.465653, 0.472594, 0.479585, 0.486611
0.397039, 0.401885, 0.406952, 0.412227, 0.417697, 0.42335, 0.429172, 0.435149, 0.441266, 0.447509, 0.453862, 0.460311, 0.466839, 0.473432, 0.480073, 0.486746
0.401686, 0.406288, 0.411099, 0.416108, 0.421302, 0.42667, 0.432199, 0.437874, 0.443682, 0.44961, 0.455643, 0.461767, 0.467966, 0.474226, 0.480532, 0.486868
0.406116, 0.410485, 0.415052, 0.419807, 0.424738, 0.429834, 0.435082, 0.440469, 0.445983, 0.451611, 0.457338, 0.463151, 0.469036, 0.474979, 0.480965, 0.48698
0.410342, 0.414487, 0.418822, 0.423334, 0.428014, 0.43285, 0.43783, 0.442943, 0.448176, 0.453516, 0.458951, 0.464468, 0.470052, 0.475692, 0.481373, 0.487081
0.414373, 0.418306, 0.422417, 0.426698, 0.431138, 0.435725, 0.44045, 0.4453, 0.450265, 0.455331, 0.460487, 0.46572, 0.471018, 0.476369, 0.481758, 0.487173
0.41822, 0.421949, 0.425848, 0.429908, 0.434118, 0.438468, 0.442949, 0.447548, 0.452256, 0.45706, 0.46195, 0.466913, 0.471937, 0.47701, 0.482121, 0.487257
0.421893, 0.425428, 0.429124, 0.432972, 0.436963, 0.441086, 0.445333, 0.449693, 0.454155, 0.458709, 0.463344, 0.468048, 0.472811, 0.47762, 0.482464, 0.487332
0.425401, 0.428751, 0.432252, 0.435898, 0.439679, 0.443586, 0.44761, 0.45174, 0.455968, 0.460283, 0.464674, 0.469131, 0.473643, 0.478199, 0.482789, 0.487401
0.428754, 0.431926, 0.435241, 0.438694, 0.442274, 0.445974, 0.449784, 0.453695, 0.457699, 0.461784, 0.465942, 0.470163, 0.474435, 0.47875, 0.483096, 0.487463
0.43196, 0.434961, 0.438099, 0.441366, 0.444754, 0.448256, 0.451861, 0.455563, 0.459352, 0.463218, 0.467153, 0.471147, 0.475191, 0.479274, 0.483387, 0.48752
0.435027, 0.437865, 0.440833, 0.443923, 0.447127, 0.450438, 0.453849, 0.457349, 0.460932, 0.464589, 0.46831, 0.472088, 0.475912, 0.479773, 0.483663, 0.487572
0.437963, 0.440646, 0.44345, 0.44637, 0.449398, 0.452527, 0.45575, 0.459058, 0.462444, 0.4659, 0.469417, 0.472987, 0.4766, 0.48025, 0.483926, 0.487619
0.440776, 0.443309, 0.445957, 0.448714, 0.451574, 0.454528, 0.457571, 0.460695, 0.463892, 0.467155, 0.470476, 0.473847, 0.477259, 0.480705, 0.484176, 0.487664
0.443473, 0.445863, 0.448361, 0.450962, 0.453659, 0.456446, 0.459317, 0.462264, 0.46528, 0.468358, 0.471491, 0.47467, 0.477889, 0.48114, 0.484414, 0.487705
0.446061, 0.448313, 0.450667, 0.453118, 0.45566, 0.458287, 0.460992, 0.463769, 0.466611, 0.469512, 0.472464, 0.47546, 0.478494, 0.481557, 0.484643, 0.487743
0.448547, 0.450666, 0.452882, 0.455189, 0.457582, 0.460054, 0.4626, 0.465214, 0.467889, 0.47062, 0.473398, 0.476219, 0.479074, 0.481957, 0.484862, 0.48778
0.450937, 0.452929, 0.455012, 0.45718, 0.459429, 0.461753, 0.464147, 0.466604, 0.469118, 0.471685, 0.474297, 0.476948, 0.479632, 0.482342, 0.485072, 0.487815
0.453237, 0.455107, 0.457062, 0.459097, 0.461208, 0.463389, 0.465635, 0.467941, 0.470302, 0.47271, 0.475162, 0.47765, 0.480169, 0.482713, 0.485275, 0.48785
0.455453, 0.457205, 0.459037, 0.460944, 0.462922, 0.464965, 0.46707, 0.469231, 0.471442, 0.473699, 0.475996, 0.478327, 0.480687, 0.483071, 0.485472, 0.487884
0.457592, 0.45923, 0.460943, 0.462726, 0.464575, 0.466487, 0.468455, 0.470475, 0.472543, 0.474654, 0.476801, 0.478982, 0.481189, 0.483417, 0.485662, 0.487918
0.459658, 0.461186, 0.462784, 0.464448, 0.466174, 0.467957, 0.469793, 0.471678, 0.473608, 0.475577, 0.477581, 0.479615, 0.481674, 0.483754, 0.485848, 0.487953
0.461656, 0.463079, 0.464566, 0.466114, 0.46772, 0.46938, 0.471089, 0.472843, 0.474639, 0.476471, 0.478336, 0.480229, 0.482146, 0.484081, 0.48603, 0.487989
0.463593, 0.464913, 0.466293, 0.46773, 0.46922, 0.470759, 0.472345, 0.473973, 0.475639, 0.477339, 0.47907, 0.480826, 0.482604, 0.4844, 0.486209, 0.488026
0.465473, 0.466693, 0.467969, 0.469298, 0.470675, 0.472099, 0.473565, 0.475071, 0.476611, 0.478183, 0.479783, 0.481408, 0.483052, 0.484712, 0.486385, 0.488065
0.4673, 0.468424, 0.469599, 0.470823, 0.472091, 0.473403, 0.474753, 0.476139, 0.477558, 0.479006, 0.480479, 0.481975, 0.483489, 0.485019, 0.486559, 0.488106
0.46908, 0.47011, 0.471187, 0.472309, 0.473472, 0.474673, 0.475911, 0.477182, 0.478482, 0.479809, 0.48116, 0.482531, 0.483919, 0.48532, 0.486732, 0.48815
0.470817, 0.471756, 0.472737, 0.473759, 0.474819, 0.475915, 0.477043, 0.4782, 0.479386, 0.480595, 0.481826, 0.483076, 0.48434, 0.485618, 0.486904, 0.488197
0.472515, 0.473365, 0.474254, 0.475179, 0.476138, 0.477129, 0.47815, 0.479199, 0.480271, 0.481366, 0.48248, 0.483611, 0.484756, 0.485912, 0.487077, 0.488247
0.474179, 0.474942, 0.47574, 0.47657, 0.477431, 0.478321, 0.479238, 0.480179, 0.481142, 0.482124, 0.483124, 0.48414, 0.485167, 0.486205, 0.487251, 0.488301
0.475813, 0.476491, 0.4772, 0.477937, 0.478702, 0.479493, 0.480307, 0.481143, 0.481998, 0.482872, 0.48376, 0.484662, 0.485575, 0.486497, 0.487426, 0.488359
0.477422, 0.478016, 0.478637, 0.479284, 0.479955, 0.480648, 0.481362, 0.482094, 0.482844, 0.48361, 0.484389, 0.48518, 0.48598, 0.486788, 0.487603, 0.488421
0.479008, 0.47952, 0.480055, 0.480613, 0.481191, 0.481788, 0.482403, 0.483035, 0.483681, 0.484341, 0.485013, 0.485694, 0.486384, 0.487081, 0.487782, 0.488488
0.480576, 0.481007, 0.481458, 0.481928, 0.482414, 0.482918, 0.483436, 0.483967, 0.484512, 0.485067, 0.485633, 0.486207, 0.486788, 0.487374, 0.487965, 0.488559
0.48213, 0.482482, 0.482849, 0.483232, 0.483628, 0.484038, 0.484461, 0.484894, 0.485338, 0.48579, 0.486251, 0.486719, 0.487192, 0.48767, 0.488152, 0.488636
0.483674, 0.483947, 0.484232, 0.484528, 0.484836, 0.485154, 0.485481, 0.485817, 0.486161, 0.486512, 0.486869, 0.487232, 0.487599, 0.48797, 0.488343, 0.488718
0.485212, 0.485406, 0.485609, 0.485821, 0.48604, 0.486266, 0.4865, 0.486739, 0.486984, 0.487234, 0.487489, 0.487747, 0.488009, 0.488273, 0.488539, 0.488806
0.486747, 0.486864, 0.486985, 0.487112, 0.487243, 0.487379, 0.487518, 0.487662, 0.487809, 0.487959, 0.488111, 0.488266, 0.488422, 0.488581, 0.48874, 0.4889
0.488284, 0.488322, 0.488363, 0.488405, 0.488449, 0.488494, 0.48854, 0.488588, 0.488637, 0.488687, 0.488738, 0.488789, 0.488841, 0.488894, 0.488947, 0.489001
0.489825, 0.489786, 0.489745, 0.489703, 0.489659, 0.489614, 0.489568, 0.48952, 0.489471, 0.489421, 0.48937, 0.489319, 0.489267, 0.489214, 0.489161, 0.489108
0.491374, 0.491258, 0.491136, 0.49101, 0.490878, 0.490743, 0.490603, 0.49046, 0.490313, 0.490163, 0.49001, 0.489856, 0.489699, 0.489541, 0.489381, 0.489221
0.492936, 0.492742, 0.492539, 0.492328, 0.492108, 0.491882, 0.491649, 0.491409, 0.491164, 0.490914, 0.49066, 0.490401, 0.49014, 0.489876, 0.489609, 0.489342
0.494514, 0.494241, 0.493957, 0.49366, 0.493352, 0.493035, 0.492707, 0.492371, 0.492027, 0.491676, 0.491319, 0.490957, 0.49059, 0.490219, 0.489845, 0.48947
0.496112, 0.49576, 0.495393, 0.49501, 0.494613, 0.494203, 0.493781, 0.493348, 0.492904, 0.492452, 0.491991, 0.491523, 0.49105, 0.490572, 0.49009, 0.489606
0.497733, 0.497301, 0.496851, 0.496381, 0.495894, 0.495391, 0.494873, 0.494341, 0.493797, 0.493241, 0.492676, 0.492102, 0.491521, 0.490934, 0.490343, 0.48975
0.499381, 0.498869, 0.498334, 0.497776, 0.497198, 0.496601, 0.495985, 0.495354, 0.494707, 0.494048, 0.493376, 0.492695, 0.492005, 0.491308, 0.490606, 0.489901
0.501061, 0.500466, 0.499845, 0.499198, 0.498528, 0.497834, 0.497121, 0.496388, 0.495638, 0.494872, 0.494093, 0.493303, 0.492502, 0.491694, 0.490879, 0.490061
0.502775, 0.502097, 0.501389, 0.500651, 0.499886, 0.499096, 0.498281, 0.497446, 0.49659, 0.495717, 0.494829, 0.493927, 0.493014, 0.492092, 0.491163, 0.49023
0.504529, 0.503766, 0.502968, 0.502138, 0.501277, 0.500387, 0.49947, 0.49853, 0.497567, 0.496584, 0.495584, 0.494569, 0.493541, 0.492503, 0.491458, 0.490407
0.506326, 0.505476, 0.504587, 0.503662, 0.502703, 0.501711, 0.50069, 0.499642, 0.498569, 0.497475, 0.49636, 0.495229, 0.494085, 0.492928, 0.491764, 0.490593
0.508169, 0.507231, 0.506249, 0.505227, 0.504167, 0.503072, 0.501944, 0.500786, 0.499601, 0.498391, 0.49716, 0.495911, 0.494646, 0.493369, 0.492082, 0.490789
0.510065, 0.509035, 0.507957, 0.506836, 0.505673, 0.504471, 0.503234, 0.501963, 0.500663, 0.499336, 0.497985, 0.496614, 0.495226, 0.493825, 0.492413, 0.490994
0.512016, 0.510892, 0.509717, 0.508493, 0.507224, 0.505913, 0.504563, 0.503177, 0.501758, 0.50031, 0.498836, 0.497341, 0.495826, 0.494297, 0.492757, 0.491209
0.514027, 0.512807, 0.511531, 0.510202, 0.508824, 0.507401, 0.505934, 0.504429, 0.502889, 0.501316, 0.499716, 0.498092, 0.496448, 0.494788, 0.493115, 0.491435
0.516103, 0.514783, 0.513403, 0.511967, 0.510477, 0.508937, 0.507351, 0.505723, 0.504057, 0.502357, 0.500626, 0.49887, 0.497092, 0.495296, 0.493487, 0.49167
0.518249, 0.516826, 0.515339, 0.51379, 0.512185, 0.510525, 0.508816, 0.507062, 0.505266, 0.503434, 0.501569, 0.499676, 0.497759, 0.495824, 0.493875, 0.491916
0.520468, 0.51894, 0.517342, 0.515678, 0.513952, 0.512169, 0.510333, 0.508448, 0.506518, 0.504549, 0.502545, 0.500511, 0.498452, 0.496372, 0.494278, 0.492173
0.522768, 0.521129, 0.519416, 0.517633, 0.515784, 0.513873, 0.511905, 0.509884, 0.507816, 0.505706, 0.503558, 0.501378, 0.499171, 0.496942, 0.494697, 0.492441
0.525151, 0.523399, 0.521568, 0.519661, 0.517683, 0.515639, 0.513535, 0.511374, 0.509162, 0.506906, 0.504609, 0.502277, 0.499917, 0.497534, 0.495133, 0.492721
0.527625, 0.525755, 0.5238, 0.521765, 0.519654, 0.517473, 0.515226, 0.51292, 0.51056, 0.508151, 0.5057, 0.503212, 0.500693, 0.498149, 0.495587, 0.493012
0.530194, 0.528202, 0.526119, 0.52395, 0.521701, 0.519377, 0.516984, 0.514527, 0.512012, 0.509446, 0.506834, 0.504183, 0.501499, 0.498788, 0.496058, 0.493315
0.532864, 0.530745, 0.528529, 0.526222, 0.523829, 0.521357, 0.518811, 0.516197, 0.513521, 0.510791, 0.508013, 0.505192, 0.502337, 0.499454, 0.496549, 0.493631
0.535641, 0.53339, 0.531036, 0.528585, 0.526043, 0.523416, 0.520711, 0.517934, 0.515092, 0.512191, 0.509239, 0.506242, 0.503209, 0.500146, 0.49706, 0.493959
0.538532, 0.536143, 0.533645, 0.531044, 0.528347, 0.525559, 0.522689, 0.519742, 0.516726, 0.513648, 0.510515, 0.507335, 0.504116, 0.500866, 0.497591, 0.494301
0.541543, 0.539011, 0.536362, 0.533605, 0.530746, 0.527791, 0.524748, 0.521625, 0.518427, 0.515164, 0.511844, 0.508473, 0.505061, 0.501615, 0.498144, 0.494656
0.544681, 0.541999, 0.539194, 0.536274, 0.533246, 0.530117, 0.526894, 0.523586, 0.5202, 0.516744, 0.513227, 0.509658, 0.506044, 0.502395, 0.498719, 0.495025
0.547953, 0.545114, 0.542147, 0.539057, 0.535853, 0.532541, 0.529131, 0.525631, 0.522047, 0.518391, 0.514669, 0.510892, 0.507068, 0.503206, 0.499317, 0.495408
0.551366, 0.548364, 0.545226, 0.541959, 0.538571, 0.53507, 0.531464, 0.527762, 0.523974, 0.520107, 0.516172, 0.512178, 0.508135, 0.504052, 0.499939, 0.495806
0.554928, 0.551756, 0.54844, 0.544988, 0.541408, 0.537708, 0.533898, 0.529987, 0.525983, 0.521898, 0.517739, 0.513519, 0.509246, 0.504932, 0.500586, 0.496219
0.558646, 0.555297, 0.551795, 0.54815, 0.544369, 0.540462, 0.536438, 0.532307, 0.52808, 0.523765, 0.519374, 0.514917, 0.510405, 0.505849, 0.501259, 0.496647
0.562531, 0.558995, 0.555299, 0.551452, 0.547461, 0.543337, 0.53909, 0.53473, 0.530268, 0.525714, 0.521079, 0.516375, 0.511613, 0.506803, 0.501959, 0.497091
0.566589, 0.562859, 0.55896, 0.554901, 0.550691, 0.54634, 0.54186, 0.53726, 0.532553, 0.527748, 0.522859, 0.517896, 0.512872, 0.507798, 0.502688, 0.497552
0.570831, 0.566898, 0.562786, 0.558505, 0.554066, 0.549478, 0.544753, 0.539903, 0.534939, 0.529873, 0.524717, 0.519483, 0.514185, 0.508835, 0.503446, 0.49803
0.575265, 0.57112, 0.566786, 0.562273, 0.557593, 0.552757, 0.547777, 0.542664, 0.537431, 0.532091, 0.526656, 0.521139, 0.515555, 0.509915, 0.504234, 0.498526
0.579903, 0.575535, 0.570968, 0.566213, 0.561281, 0.556186, 0.550938, 0.54555, 0.540036, 0.534409, 0.528682, 0.522869, 0.516984, 0.511041, 0.505055, 0.499039
0.584754, 0.580153, 0.575342, 0.570333, 0.565138, 0.55977, 0.554242, 0.548567, 0.542758, 0.53683, 0.530797, 0.524674, 0.518474, 0.512214, 0.505908, 0.499572
0.58983, 0.584984, 0.579918, 0.574643, 0.569172, 0.563519, 0.557697, 0.551721, 0.545604, 0.539361, 0.533008, 0.526559, 0.52003, 0.513438, 0.506797, 0.500124
0.595143, 0.590041, 0.584706, 0.579153, 0.573393, 0.567441, 0.561312, 0.555019, 0.548579, 0.542006, 0.535317, 0.528528, 0.521654, 0.514713, 0.507722, 0.500696
0.600703, 0.595333, 0.589718, 0.583872, 0.57781, 0.571545, 0.565093, 0.55847, 0.551691, 0.544772, 0.537731, 0.530585, 0.52335, 0.516044, 0.508684, 0.501289
0.606525, 0.600873, 0.594964, 0.588812, 0.582432, 0.575839, 0.56905, 0.562079, 0.554945, 0.547664, 0.540255, 0.532734, 0.52512, 0.517431, 0.509686, 0.501904
0.612621, 0.606675, 0.600457, 0.593984, 0.587271, 0.580334, 0.57319, 0.565856, 0.55835, 0.550689, 0.542893, 0.534979, 0.526968, 0.518878, 0.510729, 0.502541
0.619006, 0.61275, 0.606209, 0.5994, 0.592338, 0.58504, 0.577524, 0.569809, 0.561912, 0.553853, 0.545651, 0.537327, 0.528899, 0.520388, 0.511815, 0.503201
0.625694, 0.619113, 0.612234, 0.605071, 0.597643, 0.589967, 0.582062, 0.573946, 0.56564, 0.557163, 0.548536, 0.53978, 0.530915, 0.521963, 0.512946, 0.503885
0.6327, 0.625779, 0.618544, 0.611011, 0.603199, 0.595126, 0.586812, 0.578277, 0.569542, 0.560627, 0.551554, 0.542345, 0.533022, 0.523607, 0.514124, 0.504595
0.640041, 0.632763, 0.625155, 0.617234, 0.609019, 0.60053, 0.591787, 0.582812, 0.573626, 0.564252, 0.554711, 0.545027, 0.535223, 0.525323, 0.515351, 0.50533
0.647733, 0.640082, 0.632082, 0.623753, 0.615116, 0.60619, 0.596997, 0.587561, 0.577902, 0.568045, 0.558014, 0.547832, 0.537524, 0.527114, 0.516629, 0.506093
0.655795, 0.647751, 0.63934, 0.630584, 0.621503, 0.612119, 0.602455, 0.592534, 0.582379, 0.572016, 0.56147, 0.550765, 0.539928, 0.528984, 0.51796, 0.506883
0.664245, 0.655789, 0.646947, 0.637742, 0.628196, 0.618331, 0.608172, 0.597742, 0.587068, 0.576174, 0.565087, 0.553834, 0.542441, 0.530937, 0.519348, 0.507703
0.673103, 0.664214, 0.65492, 0.645244, 0.63521, 0.62484, 0.614161, 0.603198, 0.591978, 0.580527, 0.568873, 0.557044, 0.545068, 0.532976, 0.520794, 0.508554
0.682389, 0.673046, 0.663277, 0.653107, 0.64256, 0.631662, 0.620437, 0.608914, 0.597121, 0.585085, 0.572835, 0.560402, 0.547816, 0.535105, 0.522302, 0.509437
0.692124, 0.682305, 0.672039, 0.66135, 0.650265, 0.63881, 0.627013, 0.614903, 0.602508, 0.589858, 0.576984, 0.563917, 0.550688, 0.53733, 0.523874, 0.510352
0.702333, 0.692013, 0.681224, 0.669991, 0.658341, 0.646303, 0.633906, 0.621178, 0.608152, 0.594858, 0.581328, 0.567596, 0.553693, 0.539654, 0.525513, 0.511302
0.713037, 0.702193, 0.690855, 0.67905, 0.666808, 0.654157, 0.641129, 0.627754, 0.614065, 0.600095, 0.585877, 0.571446, 0.556836, 0.542083, 0.527222, 0.512289
0.724263, 0.712868, 0.700953, 0.688549, 0.675684, 0.662391, 0.648701, 0.634646, 0.620261, 0.605581, 0.590641, 0.575476, 0.560124, 0.544621, 0.529005, 0.513313
0.736037, 0.724062, 0.711543, 0.698509, 0.684992, 0.671023, 0.656638, 0.64187, 0.626755, 0.611329, 0.59563, 0.579696, 0.563564, 0.547274, 0.530865, 0.514376
0.748385, 0.735804, 0.722649, 0.708954, 0.694751, 0.680074, 0.664959, 0.649442, 0.63356, 0.617352, 0.600856, 0.584114, 0.567164, 0.550047, 0.532806, 0.515481
0.761338, 0.748119, 0.734298, 0.719908, 0.704985, 0.689564, 0.673683, 0.657379, 0.640692, 0.623663, 0.606331, 0.58874, 0.570931, 0.552947, 0.534832, 0.516628
0.774925, 0.761036, 0.746515, 0.731397, 0.715718, 0.699516, 0.68283, 0.665701, 0.648169, 0.630277, 0.612067, 0.593585, 0.574874, 0.555979, 0.536946, 0.517821
0.789179, 0.774587, 0.759331, 0.743447, 0.726975, 0.709953, 0.692422, 0.674426, 0.656006, 0.637208, 0.618078, 0.59866, 0.579001, 0.55915, 0.539154, 0.51906
0.804132, 0.788802, 0.772774, 0.756087, 0.738781, 0.720898, 0.702481, 0.683574, 0.664223, 0.644474, 0.624375, 0.603975, 0.583322, 0.562467, 0.541459, 0.520349
0.819821, 0.803716, 0.786877, 0.769347, 0.751166, 0.732378, 0.71303, 0.693167, 0.672837, 0.65209, 0.630975, 0.609543, 0.587846, 0.565936, 0.543866, 0.521689
0.836282, 0.819362, 0.801673, 0.783257, 0.764157, 0.74442, 0.724094, 0.703227, 0.68187, 0.660074, 0.637892, 0.615377, 0.592584, 0.569567, 0.546381, 0.523083
0.853553, 0.835779, 0.817197, 0.79785, 0.777785, 0.757051, 0.735698, 0.713778, 0.691342, 0.668445, 0.645142, 0.62149, 0.597545, 0.573365, 0.549009, 0.524534
