1, 1, 1, 1, 1, 1, 1, 1, 1, 1, 1, 1, 1, 1, 1, 1, 1, 1, 1, 1, 1, 1, 1, 1, 1, 1, 1, 1, 1, 1, 1, 1, 1, 1, 1, 1, 1, 1, 1, 1, 1, 1, 1, 1, 1, 1, 1, 1, 1, 1, 1, 1, 1, 1, 1, 1, 1, 1, 1, 1, 1, 1, 1, 1
0.983615, 0.983615, 0.983615, 0.983615, 0.983615, 0.983615, 0.983615, 0.983615, 0.983615, 0.983615, 0.983615, 0.983615, 0.983615, 0.983615, 0.983615, 0.983615, 0.983615, 0.983615, 0.983615, 0.983615, 0.983615, 0.983615, 0.983615, 0.983615, 0.983615, 0.983615, 0.983615, 0.983615, 0.983615, 0.983615, 0.983615, 0.983615, 0.983615, 0.983615, 0.983615, 0.983615, 0.983615, 0.983615, 0.983615, 0.983615, 0.983615, 0.983615, 0.983615, 0.983615, 0.983615, 0.983615, 0.983615, 0.983615, 0.983615, 0.983615, 0.983615, 0.983615, 0.983615, 0.983615, 0.983615, 0.983615, 0.983615, 0.983615, 0.983615, 0.983615, 0.983615, 0.983615, 0.983615, 0.983615
0.967232, 0.967232, 0.967232, 0.967232, 0.967232, 0.967232, 0.967232, 0.967232, 0.967232, 0.967232, 0.967232, 0.967232, 0.967232, 0.967232, 0.967232, 0.967232, 0.967232, 0.967232, 0.967232, 0.967232, 0.967232, 0.967232, 0.967232, 0.967232, 0.967232, 0.967232, 0.967232, 0.967232, 0.967232, 0.967232, 0.967232, 0.967232, 0.967232, 0.967232, 0.967232, 0.967232, 0.967232, 0.967232, 0.967232, 0.967232, 0.967232, 0.967232, 0.967232, 0.967232, 0.967232, 0.967232, 0.967232, 0.967232, 0.967232, 0.967232, 0.967232, 0.967232, 0.967232, 0.967232, 0.967232, 0.967232, 0.967232, 0.967232, 0.967232, 0.967232, 0.967232, 0.967232, 0.967232, 0.967232
0.950851, 0.950851, 0.950851, 0.950851, 0.950851, 0.950851, 0.950851, 0.950851, 0.950851, 0.950851, 0.950851, 0.950851, 0.950851, 0.950851, 0.950851, 0.950851, 0.950851, 0.950851, 0.950851, 0.950851, 0.950851, 0.950851, 0.950851, 0.950851, 0.950851, 0.950851, 0.950851, 0.950851, 0.950851, 0.950851, 0.950851, 0.950851, 0.950851, 0.950851, 0.950851, 0.950851, 0.950851, 0.950851, 0.950851, 0.950851, 0.950851, 0.950851, 0.950851, 0.950851, 0.950851, 0.950851, 0.950851, 0.950851, 0.950851, 0.950851, 0.950851, 0.950851, 0.950851, 0.950851, 0.950851, 0.950851, 0.950851, 0.950851, 0.950851, 0.950851, 0.950851, 0.950851, 0.950851, 0.950851
0.934474, 0.934474, 0.934474, 0.934474, 0.934474, 0.934474, 0.934474, 0.934474, 0.934474, 0.934474, 0.934474, 0.934474, 0.934474, 0.934474, 0.934474, 0.934474, 0.934474, 0.934474, 0.934474, 0.934474, 0.934474, 0.934474, 0.934474, 0.934474, 0.934474, 0.934474, 0.934474, 0.934474, 0.934474, 0.934474, 0.934474, 0.934474, 0.934474, 0.934474, 0.934474, 0.934474, 0.934474, 0.934474, 0.934474, 0.934474, 0.934474, 0.934474, 0.934474, 0.934474, 0.934474, 0.934474, 0.934474, 0.934474, 0.934474, 0.934474, 0.934474, 0.934474, 0.934474, 0.934474, 0.934474, 0.934474, 0.934474, 0.934474, 0.934474, 0.934474, 0.934474, 0.934474, 0.934474, 0.934474
0.918102, 0.918102, 0.918102, 0.918102, 0.918102, 0.918102, 0.918102, 0.918102, 0.918102, 0.918102, 0.918102, 0.918102, 0.918102, 0.918102, 0.918102, 0.918102, 0.918102, 0.918102, 0.918102, 0.918102, 0.918102, 0.918102, 0.918102, 0.918102, 0.918102, 0.918102, 0.918102, 0.918102, 0.918102, 0.918102, 0.918102, 0.918102, 0.918102, 0.918102, 0.918102, 0.918102, 0.918102, 0.918102, 0.918102, 0.918102, 0.918102, 0.918102, 0.918102, 0.918102, 0.918102, 0.918102, 0.918102, 0.918102, 0.918102, 0.918102, 0.918102, 0.918102, 0.918102, 0.918102, 0.918102, 0.918102, 0.918102, 0.918102, 0.918102, 0.918102, 0.918102, 0.918102, 0.918102, 0.918102
0.901737, 0.901737, 0.901737, 0.901737, 0.901737, 0.901737, 0.901737, 0.901737, 0.901737, 0.901737, 0.901737, 0.901737, 0.901737, 0.901737, 0.901737, 0.901737, 0.901737, 0.901737, 0.901737, 0.901737, 0.901737, 0.901737, 0.901737, 0.901737, 0.901737, 0.901737, 0.901737, 0.901737, 0.901737, 0.901737, 0.901737, 0.901737, 0.901737, 0.901737, 0.901737, 0.901737, 0.901737, 0.901737, 0.901737, 0.901737, 0.901737, 0.901737, 0.901737, 0.901737, 0.901737, 0.901737, 0.901737, 0.901737, 0.901737, 0.901737, 0.901737, 0.901737, 0.901737, 0.901737, 0.901737, 0.901737, 0.901737, 0.901737, 0.901737, 0.901737, 0.901737, 0.901737, 0.901737, 0.901737
0.885378, 0.885378, 0.885378, 0.885378, 0.885378, 0.885378, 0.885378, 0.885378, 0.885378, 0.885378, 0.885378, 0.885378, 0.885378, 0.885378, 0.885378, 0.885378, 0.885378, 0.885378, 0.885378, 0.885378, 0.885378, 0.885378, 0.885378, 0.885378, 0.885378, 0.885378, 0.885378, 0.885378, 0.885378, 0.885378, 0.885378, 0.885378, 0.885378, 0.885378, 0.885378, 0.885378, 0.885378, 0.885378, 0.885378, 0.885378, 0.885378, 0.885378, 0.885378, 0.885378, 0.885378, 0.885378, 0.885378, 0.885378, 0.885378, 0.885378, 0.885378, 0.885378, 0.885378, 0.885378, 0.885378, 0.885378, 0.885378, 0.885378, 0.885378, 0.885378, 0.885378, 0.885378, 0.885378, 0.885378
0.869029, 0.869029, 0.869029, 0.869029, 0.869029, 0.869029, 0.869029, 0.869029, 0.869029, 0.869029, 0.869029, 0.869029, 0.869029, 0.869029, 0.869029, 0.869029, 0.869029, 0.869029, 0.869029, 0.869029, 0.869029, 0.869029, 0.869029, 0.869029, 0.869029, 0.869029, 0.869029, 0.869029, 0.869029, 0.869029, 0.869029, 0.869029, 0.869029, 0.869029, 0.869029, 0.869029, 0.869029, 0.869029, 0.869029, 0.869029, 0.869029, 0.869029, 0.869029, 0.869029, 0.869029, 0.869029, 0.869029, 0.869029, 0.869029, 0.869029, 0.869029, 0.869029, 0.869029, 0.869029, 0.869029, 0.869029, 0.869029, 0.869029, 0.869029, 0.869029, 0.869029, 0.869029, 0.869029, 0.869029
0.85269, 0.85269, 0.85269, 0.85269, 0.85269, 0.85269, 0.85269, 0.85269, 0.85269, 0.85269, 0.85269, 0.85269, 0.85269, 0.85269, 0.85269, 0.85269, 0.85269, 0.85269, 0.85269, 0.85269, 0.85269, 0.85269, 0.85269, 0.85269, 0.85269, 0.85269, 0.85269, 0.85269, 0.85269, 0.85269, 0.85269, 0.85269, 0.85269, 0.85269, 0.85269, 0.85269, 0.85269, 0.85269, 0.85269, 0.85269, 0.85269, 0.85269, 0.85269, 0.85269, 0.85269, 0.85269, 0.85269, 0.85269, 0.85269, 0.85269, 0.85269, 0.85269, 0.85269, 0.85269, 0.85269, 0.85269, 0.85269, 0.85269, 0.85269, 0.85269, 0.85269, 0.85269, 0.85269, 0.85269
0.836361, 0.836361, 0.836361, 0.836361, 0.836361, 0.836361, 0.836361, 0.836361, 0.836361, 0.836361, 0.836361, 0.836361, 0.836361, 0.836361, 0.836361, 0.836361, 0.836361, 0.836361, 0.836361, 0.836361, 0.836361, 0.836361, 0.836361, 0.836361, 0.836361, 0.836361, 0.836361, 0.836361, 0.836361, 0.836361, 0.836361, 0.836361, 0.836361, 0.836361, 0.836361, 0.836361, 0.836361, 0.836361, 0.836361, 0.836361, 0.836361, 0.836361, 0.836361, 0.836361, 0.836361, 0.836361, 0.836361, 0.836361, 0.836361, 0.836361, 0.836361, 0.836361, 0.836361, 0.836361, 0.836361, 0.836361, 0.836361, 0.836361, 0.836361, 0.836361, 0.836361, 0.836361, 0.836361, 0.836361
0.820045, 0.820045, 0.820045, 0.820045, 0.820045, 0.820045, 0.820045, 0.820045, 0.820045, 0.820045, 0.820045, 0.820045, 0.820045, 0.820045, 0.820045, 0.820045, 0.820045, 0.820045, 0.820045, 0.820045, 0.820045, 0.820045, 0.820045, 0.820045, 0.820045, 0.820045, 0.820045, 0.820045, 0.820045, 0.820045, 0.820045, 0.820045, 0.820045, 0.820045, 0.820045, 0.820045, 0.820045, 0.820045, 0.820045, 0.820045, 0.820045, 0.820045, 0.820045, 0.820045, 0.820045, 0.820045, 0.820045, 0.820045, 0.820045, 0.820045, 0.820045, 0.820045, 0.820045, 0.820045, 0.820045, 0.820045, 0.820045, 0.820045, 0.820045, 0.820045, 0.820045, 0.820045, 0.820045, 0.820045
0.803742, 0.803742, 0.803742, 0.803742, 0.803742, 0.803742, 0.803742, 0.803742, 0.803742, 0.803742, 0.803742, 0.803742, 0.803742, 0.803742, 0.803742, 0.803742, 0.803742, 0.803742, 0.803742, 0.803742, 0.803742, 0.803742, 0.803742, 0.803742, 0.803742, 0.803742, 0.803742, 0.803742, 0.803742, 0.803742, 0.803742, 0.803742, 0.803742, 0.803742, 0.803742, 0.803742, 0.803742, 0.803742, 0.803742, 0.803742, 0.803742, 0.803742, 0.803742, 0.803742, 0.803742, 0.803742, 0.803742, 0.803742, 0.803742, 0.803742, 0.803742, 0.803742, 0.803742, 0.803742, 0.803742, 0.803742, 0.803742, 0.803742, 0.803742, 0.803742, 0.803742, 0.803742, 0.803742, 0.803742
0.787454, 0.787454, 0.787454, 0.787454, 0.787454, 0.787454, 0.787454, 0.787454, 0.787454, 0.787454, 0.787454, 0.787454, 0.787454, 0.787454, 0.787454, 0.787454, 0.787454, 0.787454, 0.787454, 0.787454, 0.787454, 0.787454, 0.787454, 0.787454, 0.787454, 0.787454, 0.787454, 0.787454, 0.787454, 0.787454, 0.787454, 0.787454, 0.787454, 0.787454, 0.787454, 0.787454, 0.787454, 0.787454, 0.787454, 0.787454, 0.787454, 0.787454, 0.787454, 0.787454, 0.787454, 0.787454, 0.787454, 0.787454, 0.787454, 0.787454, 0.787454, 0.787454, 0.787454, 0.787454, 0.787454, 0.787454, 0.787454, 0.787454, 0.787454, 0.787454, 0.787454, 0.787454, 0.787454, 0.787454
0.77118, 0.77118, 0.77118, 0.77118, 0.77118, 0.77118, 0.77118, 0.77118, 0.77118, 0.77118, 0.77118, 0.77118, 0.77118, 0.77118, 0.77118, 0.77118, 0.77118, 0.77118, 0.77118, 0.77118, 0.77118, 0.77118, 0.77118, 0.77118, 0.77118, 0.77118, 0.77118, 0.77118, 0.77118, 0.77118, 0.77118, 0.77118, 0.77118, 0.77118, 0.77118, 0.77118, 0.77118, 0.77118, 0.77118, 0.77118, 0.77118, 0.77118, 0.77118, 0.77118, 0.77118, 0.77118, 0.77118, 0.77118, 0.77118, 0.77118, 0.77118, 0.77118, 0.77118, 0.77118, 0.77118, 0.77118, 0.77118, 0.77118, 0.77118, 0.77118, 0.77118, 0.77118, 0.77118, 0.77118
0.754924, 0.754924, 0.754924, 0.754924, 0.754924, 0.754924, 0.754924, 0.754924, 0.754924, 0.754924, 0.754924, 0.754924, 0.754924, 0.754924, 0.754924, 0.754924, 0.754924, 0.754924, 0.754924, 0.754924, 0.754924, 0.754924, 0.754924, 0.754924, 0.754924, 0.754924, 0.754924, 0.754924, 0.754924, 0.754924, 0.754924, 0.754924, 0.754924, 0.754924, 0.754924, 0.754924, 0.754924, 0.754924, 0.754924, 0.754924, 0.754924, 0.754924, 0.754924, 0.754924, 0.754924, 0.754924, 0.754924, 0.754924, 0.754924, 0.754924, 0.754924, 0.754924, 0.754924, 0.754924, 0.754924, 0.754924, 0.754924, 0.754924, 0.754924, 0.754924, 0.754924, 0.754924, 0.754924, 0.754924
0.738684, 0.738684, 0.738684, 0.738684, 0.738684, 0.738684, 0.738684, 0.738684, 0.738684, 0.738684, 0.738684, 0.738684, 0.738684, 0.738684, 0.738684, 0.738684, 0.738684, 0.738684, 0.738684, 0.738684, 0.738684, 0.738684, 0.738684, 0.738684, 0.738684, 0.738684, 0.738684, 0.738684, 0.738684, 0.738684, 0.738684, 0.738684, 0.738684, 0.738684, 0.738684, 0.738684, 0.738684, 0.738684, 0.738684, 0.738684, 0.738684, 0.738684, 0.738684, 0.738684, 0.738684, 0.738684, 0.738684, 0.738684, 0.738684, 0.738684, 0.738684, 0.738684, 0.738684, 0.738684, 0.738684, 0.738684, 0.738684, 0.738684, 0.738684, 0.738684, 0.738684, 0.738684, 0.738684, 0.738684
0.722463, 0.722463, 0.722463, 0.722463, 0.722463, 0.722463, 0.722463, 0.722463, 0.722463, 0.722463, 0.722463, 0.722463, 0.722463, 0.722463, 0.722463, 0.722463, 0.722463, 0.722463, 0.722463, 0.722463, 0.722463, 0.722463, 0.722463, 0.722463, 0.722463, 0.722463, 0.722463, 0.722463, 0.722463, 0.722463, 0.722463, 0.722463, 0.722463, 0.722463, 0.722463, 0.722463, 0.722463, 0.722463, 0.722463, 0.722463, 0.722463, 0.722463, 0.722463, 0.722463, 0.722463, 0.722463, 0.722463, 0.722463, 0.722463, 0.722463, 0.722463, 0.722463, 0.722463, 0.722463, 0.722463, 0.722463, 0.722463, 0.722463, 0.722463, 0.722463, 0.722463, 0.722463, 0.722463, 0.722463
0.706261, 0.706261, 0.706261, 0.706261, 0.706261, 0.706261, 0.706261, 0.706261, 0.706261, 0.706261, 0.706261, 0.706261, 0.706261, 0.706261, 0.706261, 0.706261, 0.706261, 0.706261, 0.706261, 0.706261, 0.706261, 0.706261, 0.706261, 0.706261, 0.706261, 0.706261, 0.706261, 0.706261, 0.706261, 0.706261, 0.706261, 0.706261, 0.706261, 0.706261, 0.706261, 0.706261, 0.706261, 0.706261, 0.706261, 0.706261, 0.706261, 0.706261, 0.706261, 0.706261, 0.706261, 0.706261, 0.706261, 0.706261, 0.706261, 0.706261, 0.706261, 0.706261, 0.706261, 0.706261, 0.706261, 0.706261, 0.706261, 0.706261, 0.706261, 0.706261, 0.706261, 0.706261, 0.706261, 0.706261
0.690079, 0.690079, 0.690079, 0.690079, 0.690079, 0.690079, 0.690079, 0.690079, 0.690079, 0.690079, 0.690079, 0.690079, 0.690079, 0.690079, 0.690079, 0.690079, 0.690079, 0.690079, 0.690079, 0.690079, 0.690079, 0.690079, 0.690079, 0.690079, 0.690079, 0.690079, 0.690079, 0.690079, 0.690079, 0.690079, 0.690079, 0.690079, 0.690079, 0.690079, 0.690079, 0.690079, 0.690079, 0.690079, 0.690079, 0.690079, 0.690079, 0.690079, 0.690079, 0.690079, 0.690079, 0.690079, 0.690079, 0.690079, 0.690079, 0.690079, 0.690079, 0.690079, 0.690079, 0.690079, 0.690079, 0.690079, 0.690079, 0.690079, 0.690079, 0.690079, 0.690079, 0.690079, 0.690079, 0.690079
0.673918, 0.673918, 0.673918, 0.673918, 0.673918, 0.673918, 0.673918, 0.673918, 0.673918, 0.673918, 0.673918, 0.673918, 0.673918, 0.673918, 0.673918, 0.673918, 0.673918, 0.673918, 0.673918, 0.673918, 0.673918, 0.673918, 0.673918, 0.673918, 0.673918, 0.673918, 0.673918, 0.673918, 0.673918, 0.673918, 0.673918, 0.673918, 0.673918, 0.673918, 0.673918, 0.673918, 0.673918, 0.673918, 0.673918, 0.673918, 0.673918, 0.673918, 0.673918, 0.673918, 0.673918, 0.673918, 0.673918, 0.673918, 0.673918, 0.673918, 0.673918, 0.673918, 0.673918, 0.673918, 0.673918, 0.673918, 0.673918, 0.673918, 0.673918, 0.673918, 0.673918, 0.673918, 0.673918, 0.673918
0.657778, 0.657778, 0.657778, 0.657778, 0.657778, 0.657778, 0.657778, 0.657778, 0.657778, 0.657778, 0.657778, 0.657778, 0.657778, 0.657778, 0.657778, 0.657778, 0.657778, 0.657778, 0.657778, 0.657778, 0.657778, 0.657778, 0.657778, 0.657778, 0.657778, 0.657778, 0.657778, 0.657778, 0.657778, 0.657778, 0.657778, 0.657778, 0.657778, 0.657778, 0.657778, 0.657778, 0.657778, 0.657778, 0.657778, 0.657778, 0.657778, 0.657778, 0.657778, 0.657778, 0.657778, 0.657778, 0.657778, 0.657778, 0.657778, 0.657778, 0.657778, 0.657778, 0.657778, 0.657778, 0.657778, 0.657778, 0.657778, 0.657778, 0.657778, 0.657778, 0.657778, 0.657778, 0.657778, 0.657778
0.64166, 0.64166, 0.64166, 0.64166, 0.64166, 0.64166, 0.64166, 0.64166, 0.64166, 0.64166, 0.64166, 0.64166, 0.64166, 0.64166, 0.64166, 0.64166, 0.64166, 0.64166, 0.64166, 0.64166, 0.64166, 0.64166, 0.64166, 0.64166, 0.64166, 0.64166, 0.64166, 0.64166, 0.64166, 0.64166, 0.64166, 0.64166, 0.64166, 0.64166, 0.64166, 0.64166, 0.64166, 0.64166, 0.64166, 0.64166, 0.64166, 0.64166, 0.64166, 0.64166, 0.64166, 0.64166, 0.64166, 0.64166, 0.64166, 0.64166, 0.64166, 0.64166, 0.64166, 0.64166, 0.64166, 0.64166, 0.64166, 0.64166, 0.64166, 0.64166, 0.64166, 0.64166, 0.64166, 0.64166
0.625565, 0.625565, 0.625565, 0.625565, 0.625565, 0.625565, 0.625565, 0.625565, 0.625565, 0.625565, 0.625565, 0.625565, 0.625565, 0.625565, 0.625565, 0.625565, 0.625565, 0.625565, 0.625565, 0.625565, 0.625565, 0.625565, 0.625565, 0.625565, 0.625565, 0.625565, 0.625565, 0.625565, 0.625565, 0.625565, 0.625565, 0.625565, 0.625565, 0.625565, 0.625565, 0.625565, 0.625565, 0.625565, 0.625565, 0.625565, 0.625565, 0.625565, 0.625565, 0.625565, 0.625565, 0.625565, 0.625565, 0.625565, 0.625565, 0.625565, 0.625565, 0.625565, 0.625565, 0.625565, 0.625565, 0.625565, 0.625565, 0.625565, 0.625565, 0.625565, 0.625565, 0.625565, 0.625565, 0.625565
0.609493, 0.609493, 0.609493, 0.609493, 0.609493, 0.609493, 0.609493, 0.609493, 0.609493, 0.609493, 0.609493, 0.609493, 0.609493, 0.609493, 0.609493, 0.609493, 0.609493, 0.609493, 0.609493, 0.609493, 0.609493, 0.609493, 0.609493, 0.609493, 0.609493, 0.609493, 0.609493, 0.609493, 0.609493, 0.609493, 0.609493, 0.609493, 0.609493, 0.609493, 0.609493, 0.609493, 0.609493, 0.609493, 0.609493, 0.609493, 0.609493, 0.609493, 0.609493, 0.609493, 0.609493, 0.609493, 0.609493, 0.609493, 0.609493, 0.609493, 0.609493, 0.609493, 0.609493, 0.609493, 0.609493, 0.609493, 0.609493, 0.609493, 0.609493, 0.609493, 0.609493, 0.609493, 0.609493, 0.609493
0.593445, 0.593445, 0.593445, 0.593445, 0.593445, 0.593445, 0.593445, 0.593445, 0.593445, 0.593445, 0.593445, 0.593445, 0.593445, 0.593445, 0.593445, 0.593445, 0.593445, 0.593445, 0.593445, 0.593445, 0.593445, 0.593445, 0.593445, 0.593445, 0.593445, 0.593445, 0.593445, 0.593445, 0.593445, 0.593445, 0.593445, 0.593445, 0.593445, 0.593445, 0.593445, 0.593445, 0.593445, 0.593445, 0.593445, 0.593445, 0.593445, 0.593445, 0.593445, 0.593445, 0.593445, 0.593445, 0.593445, 0.593445, 0.593445, 0.593445, 0.593445, 0.593445, 0.593445, 0.593445, 0.593445, 0.593445, 0.593445, 0.593445, 0.593445, 0.593445, 0.593445, 0.593445, 0.593445, 0.593445
0.577421, 0.577421, 0.577421, 0.577421, 0.577421, 0.577421, 0.577421, 0.577421, 0.577421, 0.577421, 0.577421, 0.577421, 0.577421, 0.577421, 0.577421, 0.577421, 0.577421, 0.577421, 0.577421, 0.577421, 0.577421, 0.577421, 0.577421, 0.577421, 0.577421, 0.577421, 0.577421, 0.577421, 0.577421, 0.577421, 0.577421, 0.577421, 0.577421, 0.577421, 0.577421, 0.577421, 0.577421, 0.577421, 0.577421, 0.577421, 0.577421, 0.577421, 0.577421, 0.577421, 0.577421, 0.577421, 0.577421, 0.577421, 0.577421, 0.577421, 0.577421, 0.577421, 0.577421, 0.577421, 0.577421, 0.577421, 0.577421, 0.577421, 0.577421, 0.577421, 0.577421, 0.577421, 0.577421, 0.577421
0.561422, 0.561422, 0.561422, 0.561422, 0.561422, 0.561422, 0.561422, 0.561422, 0.561422, 0.561422, 0.561422, 0.561422, 0.561422, 0.561422, 0.561422, 0.561422, 0.561422, 0.561422, 0.561422, 0.561422, 0.561422, 0.561422, 0.561422, 0.561422, 0.561422, 0.561422, 0.561422, 0.561422, 0.561422, 0.561422, 0.561422, 0.561422, 0.561422, 0.561422, 0.561422, 0.561422, 0.561422, 0.561422, 0.561422, 0.561422, 0.561422, 0.561422, 0.561422, 0.561422, 0.561422, 0.561422, 0.561422, 0.561422, 0.561422, 0.561422, 0.561422, 0.561422, 0.561422, 0.561422, 0.561422, 0.561422, 0.561422, 0.561422, 0.561422, 0.561422, 0.561422, 0.561422, 0.561422, 0.561422
0.545448, 0.545448, 0.545448, 0.545448, 0.545448, 0.545448, 0.545448, 0.545448, 0.545448, 0.545448, 0.545448, 0.545448, 0.545448, 0.545448, 0.545448, 0.545448, 0.545448, 0.545448, 0.545448, 0.545448, 0.545448, 0.545448, 0.545448, 0.545448, 0.545448, 0.545448, 0.545448, 0.545448, 0.545448, 0.545448, 0.545448, 0.545448, 0.545448, 0.545448, 0.545448, 0.545448, 0.545448, 0.545448, 0.545448, 0.545448, 0.545448, 0.545448, 0.545448, 0.545448, 0.545448, 0.545448, 0.545448, 0.545448, 0.545448, 0.545448, 0.545448, 0.545448, 0.545448, 0.545448, 0.545448, 0.545448, 0.545448, 0.545448, 0.545448, 0.545448, 0.545448, 0.545448, 0.545448, 0.545448
0.529498, 0.529498, 0.529498, 0.529498, 0.529498, 0.529498, 0.529498, 0.529498, 0.529498, 0.529498, 0.529498, 0.529498, 0.529498, 0.529498, 0.529498, 0.529498, 0.529498, 0.529498, 0.529498, 0.529498, 0.529498, 0.529498, 0.529498, 0.529498, 0.529498, 0.529498, 0.529498, 0.529498, 0.529498, 0.529498, 0.529498, 0.529498, 0.529498, 0.529498, 0.529498, 0.529498, 0.529498, 0.529498, 0.529498, 0.529498, 0.529498, 0.529498, 0.529498, 0.529498, 0.529498, 0.529498, 0.529498, 0.529498, 0.529498, 0.529498, 0.529498, 0.529498, 0.529498, 0.529498, 0.529498, 0.529498, 0.529498, 0.529498, 0.529498, 0.529498, 0.529498, 0.529498, 0.529498, 0.529498
0.513575, 0.513575, 0.513575, 0.513575, 0.513575, 0.513575, 0.513575, 0.513575, 0.513575, 0.513575, 0.513575, 0.513575, 0.513575, 0.513575, 0.513575, 0.513575, 0.513575, 0.513575, 0.513575, 0.513575, 0.513575, 0.513575, 0.513575, 0.513575, 0.513575, 0.513575, 0.513575, 0.513575, 0.513575, 0.513575, 0.513575, 0.513575, 0.513575, 0.513575, 0.513575, 0.513575, 0.513575, 0.513575, 0.513575, 0.513575, 0.513575, 0.513575, 0.513575, 0.513575, 0.513575, 0.513575, 0.513575, 0.513575, 0.513575, 0.513575, 0.513575, 0.513575, 0.513575, 0.513575, 0.513575, 0.513575, 0.513575, 0.513575, 0.513575, 0.513575, 0.513575, 0.513575, 0.513575, 0.513575
0.497676, 0.497676, 0.497676, 0.497676, 0.497676, 0.497676, 0.497676, 0.497676, 0.497676, 0.497676, 0.497676, 0.497676, 0.497676, 0.497676, 0.497676, 0.497676, 0.497676, 0.497676, 0.497676, 0.497676, 0.497676, 0.497676, 0.497676, 0.497676, 0.497676, 0.497676, 0.497676, 0.497676, 0.497676, 0.497676, 0.497676, 0.497676, 0.497676, 0.497676, 0.497676, 0.497676, 0.497676, 0.497676, 0.497676, 0.497676, 0.497676, 0.497676, 0.497676, 0.497676, 0.497676, 0.497676, 0.497676, 0.497676, 0.497676, 0.497676, 0.497676, 0.497676, 0.497676, 0.497676, 0.497676, 0.497676, 0.497676, 0.497676, 0.497676, 0.497676, 0.497676, 0.497676, 0.497676, 0.497676
0.481803, 0.481803, 0.481803, 0.481803, 0.481803, 0.481803, 0.481803, 0.481803, 0.481803, 0.481803, 0.481803, 0.481803, 0.481803, 0.481803, 0.481803, 0.481803, 0.481803, 0.481803, 0.481803, 0.481803, 0.481803, 0.481803, 0.481803, 0.481803, 0.481803, 0.481803, 0.481803, 0.481803, 0.481803, 0.481803, 0.481803, 0.481803, 0.481803, 0.481803, 0.481803, 0.481803, 0.481803, 0.481803, 0.481803, 0.481803, 0.481803, 0.481803, 0.481803, 0.481803, 0.481803, 0.481803, 0.481803, 0.481803, 0.481803, 0.481803, 0.481803, 0.481803, 0.481803, 0.481803, 0.481803, 0.481803, 0.481803, 0.481803, 0.481803, 0.481803, 0.481803, 0.481803, 0.481803, 0.481803
0.465955, 0.465955, 0.465955, 0.465955, 0.465955, 0.465955, 0.465955, 0.465955, 0.465955, 0.465955, 0.465955, 0.465955, 0.465955, 0.465955, 0.465955, 0.465955, 0.465955, 0.465955, 0.465955, 0.465955, 0.465955, 0.465955, 0.465955, 0.465955, 0.465955, 0.465955, 0.465955, 0.465955, 0.465955, 0.465955, 0.465955, 0.465955, 0.465955, 0.465955, 0.465955, 0.465955, 0.465955, 0.465955, 0.465955, 0.465955, 0.465955, 0.465955, 0.465955, 0.465955, 0.465955, 0.465955, 0.465955, 0.465955, 0.465955, 0.465955, 0.465955, 0.465955, 0.465955, 0.465955, 0.465955, 0.465955, 0.465955, 0.465955, 0.465955, 0.465955, 0.465955, 0.465955, 0.465955, 0.465955
0.450133, 0.450133, 0.450133, 0.450133, 0.450133, 0.450133, 0.450133, 0.450133, 0.450133, 0.450133, 0.450133, 0.450133, 0.450133, 0.450133, 0.450133, 0.450133, 0.450133, 0.450133, 0.450133, 0.450133, 0.450133, 0.450133, 0.450133, 0.450133, 0.450133, 0.450133, 0.450133, 0.450133, 0.450133, 0.450133, 0.450133, 0.450133, 0.450133, 0.450133, 0.450133, 0.450133, 0.450133, 0.450133, 0.450133, 0.450133, 0.450133, 0.450133, 0.450133, 0.450133, 0.450133, 0.450133, 0.450133, 0.450133, 0.450133, 0.450133, 0.450133, 0.450133, 0.450133, 0.450133, 0.450133, 0.450133, 0.450133, 0.450133, 0.450133, 0.450133, 0.450133, 0.450133, 0.450133, 0.450133
0.434337, 0.434337, 0.434337, 0.434337, 0.434337, 0.434337, 0.434337, 0.434337, 0.434337, 0.434337, 0.434337, 0.434337, 0.434337, 0.434337, 0.434337, 0.434337, 0.434337, 0.434337, 0.434337, 0.434337, 0.434337, 0.434337, 0.434337, 0.434337, 0.434337, 0.434337, 0.434337, 0.434337, 0.434337, 0.434337, 0.434337, 0.434337, 0.434337, 0.434337, 0.434337, 0.434337, 0.434337, 0.434337, 0.434337, 0.434337, 0.434337, 0.434337, 0.434337, 0.434337, 0.434337, 0.434337, 0.434337, 0.434337, 0.434337, 0.434337, 0.434337, 0.434337, 0.434337, 0.434337, 0.434337, 0.434337, 0.434337, 0.434337, 0.434337, 0.434337, 0.434337, 0.434337, 0.434337, 0.434337
0.418565, 0.418565, 0.418565, 0.418565, 0.418565, 0.418565, 0.418565, 0.418565, 0.418565, 0.418565, 0.418565, 0.418565, 0.418565, 0.418565, 0.418565, 0.418565, 0.418565, 0.418565, 0.418565, 0.418565, 0.418565, 0.418565, 0.418565, 0.418565, 0.418565, 0.418565, 0.418565, 0.418565, 0.418565, 0.418565, 0.418565, 0.418565, 0.418565, 0.418565, 0.418565, 0.418565, 0.418565, 0.418565, 0.418565, 0.418565, 0.418565, 0.418565, 0.418565, 0.418565, 0.418565, 0.418565, 0.418565, 0.418565, 0.418565, 0.418565, 0.418565, 0.418565, 0.418565, 0.418565, 0.418565, 0.418565, 0.418565, 0.418565, 0.418565, 0.418565, 0.418565, 0.418565, 0.418565, 0.418565
0.402818, 0.402818, 0.402818, 0.402818, 0.402818, 0.402818, 0.402818, 0.402818, 0.402818, 0.402818, 0.402818, 0.402818, 0.402818, 0.402818, 0.402818, 0.402818, 0.402818, 0.402818, 0.402818, 0.402818, 0.402818, 0.402818, 0.402818, 0.402818, 0.402818, 0.402818, 0.402818, 0.402818, 0.402818, 0.402818, 0.402818, 0.402818, 0.402818, 0.402818, 0.402818, 0.402818, 0.402818, 0.402818, 0.402818, 0.402818, 0.402818, 0.402818, 0.402818, 0.402818, 0.402818, 0.402818, 0.402818, 0.402818, 0.402818, 0.402818, 0.402818, 0.402818, 0.402818, 0.402818, 0.402818, 0.402818, 0.402818, 0.402818, 0.402818, 0.402818, 0.402818, 0.402818, 0.402818, 0.402818
0.387096, 0.387096, 0.387096, 0.387096, 0.387096, 0.387096, 0.387096, 0.387096, 0.387096, 0.387096, 0.387096, 0.387096, 0.387096, 0.387096, 0.387096, 0.387096, 0.387096, 0.387096, 0.387096, 0.387096, 0.387096, 0.387096, 0.387096, 0.387096, 0.387096, 0.387096, 0.387096, 0.387096, 0.387096, 0.387096, 0.387096, 0.387096, 0.387096, 0.387096, 0.387096, 0.387096, 0.387096, 0.387096, 0.387096, 0.387096, 0.387096, 0.387096, 0.387096, 0.387096, 0.387096, 0.387096, 0.387096, 0.387096, 0.387096, 0.387096, 0.387096, 0.387096, 0.387096, 0.387096, 0.387096, 0.387096, 0.387096, 0.387096, 0.387096, 0.387096, 0.387096, 0.387096, 0.387096, 0.387096
0.371398, 0.371398, 0.371398, 0.371398, 0.371398, 0.371398, 0.371398, 0.371398, 0.371398, 0.371398, 0.371398, 0.371398, 0.371398, 0.371398, 0.371398, 0.371398, 0.371398, 0.371398, 0.371398, 0.371398, 0.371398, 0.371398, 0.371398, 0.371398, 0.371398, 0.371398, 0.371398, 0.371398, 0.371398, 0.371398, 0.371398, 0.371398, 0.371398, 0.371398, 0.371398, 0.371398, 0.371398, 0.371398, 0.371398, 0.371398, 0.371398, 0.371398, 0.371398, 0.371398, 0.371398, 0.371398, 0.371398, 0.371398, 0.371398, 0.371398, 0.371398, 0.371398, 0.371398, 0.371398, 0.371398, 0.371398, 0.371398, 0.371398, 0.371398, 0.371398, 0.371398, 0.371398, 0.371398, 0.371398
0.355724, 0.355724, 0.355724, 0.355724, 0.355724, 0.355724, 0.355724, 0.355724, 0.355724, 0.355724, 0.355724, 0.355724, 0.355724, 0.355724, 0.355724, 0.355724, 0.355724, 0.355724, 0.355724, 0.355724, 0.355724, 0.355724, 0.355724, 0.355724, 0.355724, 0.355724, 0.355724, 0.355724, 0.355724, 0.355724, 0.355724, 0.355724, 0.355724, 0.355724, 0.355724, 0.355724, 0.355724, 0.355724, 0.355724, 0.355724, 0.355724, 0.355724, 0.355724, 0.355724, 0.355724, 0.355724, 0.355724, 0.355724, 0.355724, 0.355724, 0.355724, 0.355724, 0.355724, 0.355724, 0.355724, 0.355724, 0.355724, 0.355724, 0.355724, 0.355724, 0.355724, 0.355724, 0.355724, 0.355724
0.340073, 0.340073, 0.340073, 0.340073, 0.340073, 0.340073, 0.340073, 0.340073, 0.340073, 0.340073, 0.340073, 0.340073, 0.340073, 0.340073, 0.340073, 0.340073, 0.340073, 0.340073, 0.340073, 0.340073, 0.340073, 0.340073, 0.340073, 0.340073, 0.340073, 0.340073, 0.340073, 0.340073, 0.340073, 0.340073, 0.340073, 0.340073, 0.340073, 0.340073, 0.340073, 0.340073, 0.340073, 0.340073, 0.340073, 0.340073, 0.340073, 0.340073, 0.340073, 0.340073, 0.340073, 0.340073, 0.340073, 0.340073, 0.340073, 0.340073, 0.340073, 0.340073, 0.340073, 0.340073, 0.340073, 0.340073, 0.340073, 0.340073, 0.340073, 0.340073, 0.340073, 0.340073, 0.340073, 0.340073
0.324445, 0.324445, 0.324445, 0.324445, 0.324445, 0.324445, 0.324445, 0.324445, 0.324445, 0.324445, 0.324445, 0.324445, 0.324445, 0.324445, 0.324445, 0.324445, 0.324445, 0.324445, 0.324445, 0.324445, 0.324445, 0.324445, 0.324445, 0.324445, 0.324445, 0.324445, 0.324445, 0.324445, 0.324445, 0.324445, 0.324445, 0.324445, 0.324445, 0.324445, 0.324445, 0.324445, 0.324445, 0.324445, 0.324445, 0.324445, 0.324445, 0.324445, 0.324445, 0.324445, 0.324445, 0.324445, 0.324445, 0.324445, 0.324445, 0.324445, 0.324445, 0.324445, 0.324445, 0.324445, 0.324445, 0.324445, 0.324445, 0.324445, 0.324445, 0.324445, 0.324445, 0.324445, 0.324445, 0.324445
0.308839, 0.308839, 0.308839, 0.308839, 0.308839, 0.308839, 0.308839, 0.308839, 0.308839, 0.308839, 0.308839, 0.308839, 0.308839, 0.308839, 0.308839, 0.308839, 0.308839, 0.308839, 0.308839, 0.308839, 0.308839, 0.308839, 0.308839, 0.308839, 0.308839, 0.308839, 0.308839, 0.308839, 0.308839, 0.308839, 0.308839, 0.308839, 0.308839, 0.308839, 0.308839, 0.308839, 0.308839, 0.308839, 0.308839, 0.308839, 0.308839, 0.308839, 0.308839, 0.308839, 0.308839, 0.308839, 0.308839, 0.308839, 0.308839, 0.308839, 0.308839, 0.308839, 0.308839, 0.308839, 0.308839, 0.308839, 0.308839, 0.308839, 0.308839, 0.308839, 0.308839, 0.308839, 0.308839, 0.308839
0.293254, 0.293254, 0.293254, 0.293254, 0.293254, 0.293254, 0.293254, 0.293254, 0.293254, 0.293254, 0.293254, 0.293254, 0.293254, 0.293254, 0.293254, 0.293254, 0.293254, 0.293254, 0.293254, 0.293254, 0.293254, 0.293254, 0.293254, 0.293254, 0.293254, 0.293254, 0.293254, 0.293254, 0.293254, 0.293254, 0.293254, 0.293254, 0.293254, 0.293254, 0.293254, 0.293254, 0.293254, 0.293254, 0.293254, 0.293254, 0.293254, 0.293254, 0.293254, 0.293254, 0.293254, 0.293254, 0.293254, 0.293254, 0.293254, 0.293254, 0.293254, 0.293254, 0.293254, 0.293254, 0.293254, 0.293254, 0.293254, 0.293254, 0.293254, 0.293254, 0.293254, 0.293254, 0.293254, 0.293254
0.27769, 0.27769, 0.27769, 0.27769, 0.27769, 0.27769, 0.27769, 0.27769, 0.27769, 0.27769, 0.27769, 0.27769, 0.27769, 0.27769, 0.27769, 0.27769, 0.27769, 0.27769, 0.27769, 0.27769, 0.27769, 0.27769, 0.27769, 0.27769, 0.27769, 0.27769, 0.27769, 0.27769, 0.27769, 0.27769, 0.27769, 0.27769, 0.27769, 0.27769, 0.27769, 0.27769, 0.27769, 0.27769, 0.27769, 0.27769, 0.27769, 0.27769, 0.27769, 0.27769, 0.27769, 0.27769, 0.27769, 0.27769, 0.27769, 0.27769, 0.27769, 0.27769, 0.27769, 0.27769, 0.27769, 0.27769, 0.27769, 0.27769, 0.27769, 0.27769, 0.27769, 0.27769, 0.27769, 0.27769
0.262146, 0.262146, 0.262146, 0.262146, 0.262146, 0.262146, 0.262146, 0.262146, 0.262146, 0.262146, 0.262146, 0.262146, 0.262146, 0.262146, 0.262146, 0.262146, 0.262146, 0.262146, 0.262146, 0.262146, 0.262146, 0.262146, 0.262146, 0.262146, 0.262146, 0.262146, 0.262146, 0.262146, 0.262146, 0.262146, 0.262146, 0.262146, 0.262146, 0.262146, 0.262146, 0.262146, 0.262146, 0.262146, 0.262146, 0.262146, 0.262146, 0.262146, 0.262146, 0.262146, 0.262146, 0.262146, 0.262146, 0.262146, 0.262146, 0.262146, 0.262146, 0.262146, 0.262146, 0.262146, 0.262146, 0.262146, 0.262146, 0.262146, 0.262146, 0.262146, 0.262146, 0.262146, 0.262146, 0.262146
0.246621, 0.246621, 0.246621, 0.246621, 0.246621, 0.246621, 0.246621, 0.246621, 0.246621, 0.246621, 0.246621, 0.246621, 0.246621, 0.246621, 0.246621, 0.246621, 0.246621, 0.246621, 0.246621, 0.246621, 0.246621, 0.246621, 0.246621, 0.246621, 0.246621, 0.246621, 0.246621, 0.246621, 0.246621, 0.246621, 0.246621, 0.246621, 0.246621, 0.246621, 0.246621, 0.246621, 0.246621, 0.246621, 0.246621, 0.246621, 0.246621, 0.246621, 0.246621, 0.246621, 0.246621, 0.246621, 0.246621, 0.246621, 0.246621, 0.246621, 0.246621, 0.246621, 0.246621, 0.246621, 0.246621, 0.246621, 0.246621, 0.246621, 0.246621, 0.246621, 0.246621, 0.246621, 0.246621, 0.246621
0.231114, 0.231114, 0.231114, 0.231114, 0.231114, 0.231114, 0.231114, 0.231114, 0.231114, 0.231114, 0.231114, 0.231114, 0.231114, 0.231114, 0.231114, 0.231114, 0.231114, 0.231114, 0.231114, 0.231114, 0.231114, 0.231114, 0.231114, 0.231114, 0.231114, 0.231114, 0.231114, 0.231114, 0.231114, 0.231114, 0.231114, 0.231114, 0.231114, 0.231114, 0.231114, 0.231114, 0.231114, 0.231114, 0.231114, 0.231114, 0.231114, 0.231114, 0.231114, 0.231114, 0.231114, 0.231114, 0.231114, 0.231114, 0.231114, 0.231114, 0.231114, 0.231114, 0.231114, 0.231114, 0.231114, 0.231114, 0.231114, 0.231114, 0.231114, 0.231114, 0.231114, 0.231114, 0.231114, 0.231114
0.215625, 0.215625, 0.215625, 0.215625, 0.215625, 0.215625, 0.215625, 0.215625, 0.215625, 0.215625, 0.215625, 0.215625, 0.215625, 0.215625, 0.215625, 0.215625, 0.215625, 0.215625, 0.215625, 0.215625, 0.215625, 0.215625, 0.215625, 0.215625, 0.215625, 0.215625, 0.215625, 0.215625, 0.215625, 0.215625, 0.215625, 0.215625, 0.215625, 0.215625, 0.215625, 0.215625, 0.215625, 0.215625, 0.215625, 0.215625, 0.215625, 0.215625, 0.215625, 0.215625, 0.215625, 0.215625, 0.215625, 0.215625, 0.215625, 0.215625, 0.215625, 0.215625, 0.215625, 0.215625, 0.215625, 0.215625, 0.215625, 0.215625, 0.215625, 0.215625, 0.215625, 0.215625, 0.215625, 0.215625
0.200152, 0.200152, 0.200152, 0.200152, 0.200152, 0.200152, 0.200152, 0.200152, 0.200152, 0.200152, 0.200152, 0.200152, 0.200152, 0.200152, 0.200152, 0.200152, 0.200152, 0.200152, 0.200152, 0.200152, 0.200152, 0.200152, 0.200152, 0.200152, 0.200152, 0.200152, 0.200152, 0.200152, 0.200152, 0.200152, 0.200152, 0.200152, 0.200152, 0.200152, 0.200152, 0.200152, 0.200152, 0.200152, 0.200152, 0.200152, 0.200152, 0.200152, 0.200152, 0.200152, 0.200152, 0.200152, 0.200152, 0.200152, 0.200152, 0.200152, 0.200152, 0.200152, 0.200152, 0.200152, 0.200152, 0.200152, 0.200152, 0.200152, 0.200152, 0.200152, 0.200152, 0.200152, 0.200152, 0.200152
0.184694, 0.184694, 0.184694, 0.184694, 0.184694, 0.184694, 0.184694, 0.184694, 0.184694, 0.184694, 0.184694, 0.184694, 0.184694, 0.184694, 0.184694, 0.184694, 0.184694, 0.184694, 0.184694, 0.184694, 0.184694, 0.184694, 0.184694, 0.184694, 0.184694, 0.184694, 0.184694, 0.184694, 0.184694, 0.184694, 0.184694, 0.184694, 0.184694, 0.184694, 0.184694, 0.184694, 0.184694, 0.184694, 0.184694, 0.184694, 0.184694, 0.184694, 0.184694, 0.184694, 0.184694, 0.184694, 0.184694, 0.184694, 0.184694, 0.184694, 0.184694, 0.184694, 0.184694, 0.184694, 0.184694, 0.184694, 0.184694, 0.184694, 0.184694, 0.184694, 0.184694, 0.184694, 0.184694, 0.184694
0.169251, 0.169251, 0.169251, 0.169251, 0.169251, 0.169251, 0.169251, 0.169251, 0.169251, 0.169251, 0.169251, 0.169251, 0.169251, 0.169251, 0.169251, 0.169251, 0.169251, 0.169251, 0.169251, 0.169251, 0.169251, 0.169251, 0.169251, 0.169251, 0.169251, 0.169251, 0.169251, 0.169251, 0.169251, 0.169251, 0.169251, 0.169251, 0.169251, 0.169251, 0.169251, 0.169251, 0.169251, 0.169251, 0.169251, 0.169251, 0.169251, 0.169251, 0.169251, 0.169251, 0.169251, 0.169251, 0.169251, 0.169251, 0.169251, 0.169251, 0.169251, 0.169251, 0.169251, 0.169251, 0.169251, 0.169251, 0.169251, 0.169251, 0.169251, 0.169251, 0.169251, 0.169251, 0.169251, 0.169251
0.153822, 0.153822, 0.153822, 0.153822, 0.153822, 0.153822, 0.153822, 0.153822, 0.153822, 0.153822, 0.153822, 0.153822, 0.153822, 0.153822, 0.153822, 0.153822, 0.153822, 0.153822, 0.153822, 0.153822, 0.153822, 0.153822, 0.153822, 0.153822, 0.153822, 0.153822, 0.153822, 0.153822, 0.153822, 0.153822, 0.153822, 0.153822, 0.153822, 0.153822, 0.153822, 0.153822, 0.153822, 0.153822, 0.153822, 0.153822, 0.153822, 0.153822, 0.153822, 0.153822, 0.153822, 0.153822, 0.153822, 0.153822, 0.153822, 0.153822, 0.153822, 0.153822, 0.153822, 0.153822, 0.153822, 0.153822, 0.153822, 0.153822, 0.153822, 0.153822, 0.153822, 0.153822, 0.153822, 0.153822
0.138404, 0.138404, 0.138404, 0.138404, 0.138404, 0.138404, 0.138404, 0.138404, 0.138404, 0.138404, 0.138404, 0.138404, 0.138404, 0.138404, 0.138404, 0.138404, 0.138404, 0.138404, 0.138404, 0.138404, 0.138404, 0.138404, 0.138404, 0.138404, 0.138404, 0.138404, 0.138404, 0.138404, 0.138404, 0.138404, 0.138404, 0.138404, 0.138404, 0.138404, 0.138404, 0.138404, 0.138404, 0.138404, 0.138404, 0.138404, 0.138404, 0.138404, 0.138404, 0.138404, 0.138404, 0.138404, 0.138404, 0.138404, 0.138404, 0.138404, 0.138404, 0.138404, 0.138404, 0.138404, 0.138404, 0.138404, 0.138404, 0.138404, 0.138404, 0.138404, 0.138404, 0.138404, 0.138404, 0.138404
0.122997, 0.122997, 0.122997, 0.122997, 0.122997, 0.122997, 0.122997, 0.122997, 0.122997, 0.122997, 0.122997, 0.122997, 0.122997, 0.122997, 0.122997, 0.122997, 0.122997, 0.122997, 0.122997, 0.122997, 0.122997, 0.122997, 0.122997, 0.122997, 0.122997, 0.122997, 0.122997, 0.122997, 0.122997, 0.122997, 0.122997, 0.122997, 0.122997, 0.122997, 0.122997, 0.122997, 0.122997, 0.122997, 0.122997, 0.122997, 0.122997, 0.122997, 0.122997, 0.122997, 0.122997, 0.122997, 0.122997, 0.122997, 0.122997, 0.122997, 0.122997, 0.122997, 0.122997, 0.122997, 0.122997, 0.122997, 0.122997, 0.122997, 0.122997, 0.122997, 0.122997, 0.122997, 0.122997, 0.122997
0.107601, 0.107601, 0.107601, 0.107601, 0.107601, 0.107601, 0.107601, 0.107601, 0.107601, 0.107601, 0.107601, 0.107601, 0.107601, 0.107601, 0.107601, 0.107601, 0.107601, 0.107601, 0.107601, 0.107601, 0.107601, 0.107601, 0.107601, 0.107601, 0.107601, 0.107601, 0.107601, 0.107601, 0.107601, 0.107601, 0.107601, 0.107601, 0.107601, 0.107601, 0.107601, 0.107601, 0.107601, 0.107601, 0.107601, 0.107601, 0.107601, 0.107601, 0.107601, 0.107601, 0.107601, 0.107601, 0.107601, 0.107601, 0.107601, 0.107601, 0.107601, 0.107601, 0.107601, 0.107601, 0.107601, 0.107601, 0.107601, 0.107601, 0.107601, 0.107601, 0.107601, 0.107601, 0.107601, 0.107601
0.0922128, 0.0922128, 0.0922128, 0.0922128, 0.0922128, 0.0922128, 0.0922128, 0.0922128, 0.0922128, 0.0922128, 0.0922128, 0.0922128, 0.0922128, 0.0922128, 0.0922128, 0.0922128, 0.0922128, 0.0922128, 0.0922128, 0.0922128, 0.0922128, 0.0922128, 0.0922128, 0.0922128, 0.0922128, 0.0922128, 0.0922128, 0.0922128, 0.0922128, 0.0922128, 0.0922128, 0.0922128, 0.0922128, 0.0922128, 0.0922128, 0.0922128, 0.0922128, 0.0922128, 0.0922128, 0.0922128, 0.0922128, 0.0922128, 0.0922128, 0.0922128, 0.0922128, 0.0922128, 0.0922128, 0.0922128, 0.0922128, 0.0922128, 0.0922128, 0.0922128, 0.0922128, 0.0922128, 0.0922128, 0.0922128, 0.0922128, 0.0922128, 0.0922128, 0.0922128, 0.0922128, 0.0922128, 0.0922128, 0.0922128
0.0768324, 0.0768324, 0.0768324, 0.0768324, 0.0768324, 0.0768324, 0.0768324, 0.0768324, 0.0768324, 0.0768324, 0.0768324, 0.0768324, 0.0768324, 0.0768324, 0.0768324, 0.0768324, 0.0768324, 0.0768324, 0.0768324, 0.0768324, 0.0768324, 0.0768324, 0.0768324, 0.0768324, 0.0768324, 0.0768324, 0.0768324, 0.0768324, 0.0768324, 0.0768324, 0.0768324, 0.0768324, 0.0768324, 0.0768324, 0.0768324, 0.0768324, 0.0768324, 0.0768324, 0.0768324, 0.0768324, 0.0768324, 0.0768324, 0.0768324, 0.0768324, 0.0768324, 0.0768324, 0.0768324, 0.0768324, 0.0768324, 0.0768324, 0.0768324, 0.0768324, 0.0768324, 0.0768324, 0.0768324, 0.0768324, 0.0768324, 0.0768324, 0.0768324, 0.0768324, 0.0768324, 0.0768324, 0.0768324, 0.0768324
0.0614584, 0.0614584, 0.0614584, 0.0614584, 0.0614584, 0.0614584, 0.0614584, 0.0614584, 0.0614584, 0.0614584, 0.0614584, 0.0614584, 0.0614584, 0.0614584, 0.0614584, 0.0614584, 0.0614584, 0.0614584, 0.0614584, 0.0614584, 0.0614584, 0.0614584, 0.0614584, 0.0614584, 0.0614584, 0.0614584, 0.0614584, 0.0614584, 0.0614584, 0.0614584, 0.0614584, 0.0614584, 0.0614584, 0.0614584, 0.0614584, 0.0614584, 0.0614584, 0.0614584, 0.0614584, 0.0614584, 0.0614584, 0.0614584, 0.0614584, 0.0614584, 0.0614584, 0.0614584, 0.0614584, 0.0614584, 0.0614584, 0.0614584, 0.0614584, 0.0614584, 0.0614584, 0.0614584, 0.0614584, 0.0614584, 0.0614584, 0.0614584, 0.0614584, 0.0614584, 0.0614584, 0.0614584, 0.0614584, 0.0614584
0.0460893, 0.0460893, 0.0460893, 0.0460893, 0.0460893, 0.0460893, 0.0460893, 0.0460893, 0.0460893, 0.0460893, 0.0460893, 0.0460893, 0.0460893, 0.0460893, 0.0460893, 0.0460893, 0.0460893, 0.0460893, 0.0460893, 0.0460893, 0.0460893, 0.0460893, 0.0460893, 0.0460893, 0.0460893, 0.0460893, 0.0460893, 0.0460893, 0.0460893, 0.0460893, 0.0460893, 0.0460893, 0.0460893, 0.0460893, 0.0460893, 0.0460893, 0.0460893, 0.0460893, 0.0460893, 0.0460893, 0.0460893, 0.0460893, 0.0460893, 0.0460893, 0.0460893, 0.0460893, 0.0460893, 0.0460893, 0.0460893, 0.0460893, 0.0460893, 0.0460893, 0.0460893, 0.0460893, 0.0460893, 0.0460893, 0.0460893, 0.0460893, 0.0460893, 0.0460893, 0.0460893, 0.0460893, 0.0460893, 0.0460893
0.0307241, 0.0307241, 0.0307241, 0.0307241, 0.0307241, 0.0307241, 0.0307241, 0.0307241, 0.0307241, 0.0307241, 0.0307241, 0.0307241, 0.0307241, 0.0307241, 0.0307241, 0.0307241, 0.0307241, 0.0307241, 0.0307241, 0.0307241, 0.0307241, 0.0307241, 0.0307241, 0.0307241, 0.0307241, 0.0307241, 0.0307241, 0.0307241, 0.0307241, 0.0307241, 0.0307241, 0.0307241, 0.0307241, 0.0307241, 0.0307241, 0.0307241, 0.0307241, 0.0307241, 0.0307241, 0.0307241, 0.0307241, 0.0307241, 0.0307241, 0.0307241, 0.0307241, 0.0307241, 0.0307241, 0.0307241, 0.0307241, 0.0307241, 0.0307241, 0.0307241, 0.0307241, 0.0307241, 0.0307241, 0.0307241, 0.0307241, 0.0307241, 0.0307241, 0.0307241, 0.0307241, 0.0307241, 0.0307241, 0.0307241
0.0153614, 0.0153614, 0.0153614, 0.0153614, 0.0153614, 0.0153614, 0.0153614, 0.0153614, 0.0153614, 0.0153614, 0.0153614, 0.0153614, 0.0153614, 0.0153614, 0.0153614, 0.0153614, 0.0153614, 0.0153614, 0.0153614, 0.0153614, 0.0153614, 0.0153614, 0.0153614, 0.0153614, 0.0153614, 0.0153614, 0.0153614, 0.0153614, 0.0153614, 0.0153614, 0.0153614, 0.0153614, 0.0153614, 0.0153614, 0.0153614, 0.0153614, 0.0153614, 0.0153614, 0.0153614, 0.0153614, 0.0153614, 0.0153614, 0.0153614, 0.0153614, 0.0153614, 0.0153614, 0.0153614, 0.0153614, 0.0153614, 0.0153614, 0.0153614, 0.0153614, 0.0153614, 0.0153614, 0.0153614, 0.0153614, 0.0153614, 0.0153614, 0.0153614, 0.0153614, 0.0153614, 0.0153614, 0.0153614, 0.0153614
8.61779e-18, 8.61779e-18, 8.61779e-18, 8.61779e-18, 8.61779e-18, 8.61779e-18, 8.61779e-18, 8.61779e-18, 8.61779e-18, 8.61779e-18, 8.61779e-18, 8.61779e-18, 8.61779e-18, 8.61779e-18, 8.61779e-18, 8.61779e-18, 8.61779e-18, 8.61779e-18, 8.61779e-18, 8.61779e-18, 8.61779e-18, 8.61779e-18, 8.61779e-18, 8.61779e-18, 8.61779e-18, 8.61779e-18, 8.61779e-18, 8.61779e-18, 8.61779e-18, 8.61779e-18, 8.61779e-18, 8.61779e-18, 8.61779e-18, 8.61779e-18, 8.61779e-18, 8.61779e-18, 8.61779e-18, 8.61779e-18, 8.61779e-18, 8.61779e-18, 8.61779e-18, 8.61779e-18, 8.61779e-18, 8.61779e-18, 8.61779e-18, 8.61779e-18, 8.61779e-18, 8.61779e-18, 8.61779e-18, 8.61779e-18, 8.61779e-18, 8.61779e-18, 8.61779e-18, 8.61779e-18, 8.61779e-18, 8.61779e-18, 8.61779e-18, 8.61779e-18, 8.61779e-18, 8.61779e-18, 8.61779e-18, 8.61779e-18, 8.61779e-18, 8.61779e-18
